  -1.8324441e+00
   3.4802343e-01
   2.1346660e-01
  -5.2441249e-01
  -1.1268055e-01
   7.6794698e-01
   6.7065655e-01
  -1.1828266e+00
   3.6895274e-01
   7.4636420e-01
  -1.1261719e+00
   1.7901816e+00
   5.2736097e-01
   1.4985927e+00
   2.4508488e+00
   1.1595178e+00
   1.1604503e+00
   2.5432609e+00
   2.0351575e+00
   2.7694805e+00
   2.8738474e+00
   1.3052170e+00
   2.5195273e+00
   3.2348783e+00
   2.2961766e+00
   7.4580176e-01
   1.2987330e+00
  -2.7364476e-01
   2.3794410e-01
   1.3740524e-01
   1.4176219e+00
   1.3971200e+00
   2.8809287e+00
   1.5605011e+00
   3.4564186e+00
   1.9434457e+00
   1.3392903e+00
   2.1754365e+00
   1.8306083e+00
   8.1983196e-01
   3.4798487e+00
   1.6331974e+00
   8.3120958e-01
   2.1329539e+00
   1.8334482e+00
   1.2484776e+00
   1.8700284e+00
   7.5801207e-01
   1.9305753e+00
   1.2618590e+00
   2.3268923e+00
   3.9596315e-01
   1.7781518e+00
   4.1672807e+00
   3.6754818e+00
   3.4925800e+00
   5.3091271e-01
   2.2943377e+00
   2.4393876e+00
   1.1150569e+00
   2.6682402e+00
   1.8433124e+00
   1.3801153e+00
   1.5470589e+00
   1.0117990e+00
  -5.6756721e-01
   3.0902359e+00
   2.8168086e+00
   2.2938782e+00
   2.5623141e+00
   1.8635900e+00
   2.4903556e+00
   6.5137916e-01
   1.2683143e+00
   2.3640162e+00
   2.9808644e+00
   2.5386975e+00
   2.9201945e+00
   2.8234791e+00
   3.7615057e-01
   1.7416749e+00
   2.9624220e+00
  -6.1891673e-04
   2.7683917e+00
   1.6589655e+00
   1.6337831e+00
   1.1607525e-01
   1.0285609e+00
   1.5230202e+00
   2.4550931e+00
  -2.6242883e-02
   3.6292563e+00
   2.3436210e-01
   1.1467734e+00
   1.5392853e+00
   1.7076338e+00
   4.3791834e-01
   1.5466532e+00
   2.2026881e+00
   9.2661695e-01
   5.8606234e-01
   2.0575343e+00
   1.6310440e+00
   1.6427612e+00
   2.4846248e+00
   2.0321837e+00
   3.6050953e+00
   1.6140463e+00
   9.9373008e-01
   2.4272736e+00
   3.1559570e+00
   8.4587758e-01
   1.2420620e+00
   1.6728358e+00
   2.5451698e+00
   1.7672825e+00
  -6.8755054e-02
   2.9487449e+00
   6.3934326e-01
   9.3052182e-01
   1.0078667e+00
   2.0830275e+00
   1.6126641e+00
   4.3070200e+00
   3.3051576e+00
  -5.9038296e-01
   7.8317814e-02
   2.0634381e+00
   1.3875894e+00
   1.7919661e+00
   1.1294151e+00
   3.3931442e+00
   3.2398307e+00
   3.3227827e+00
   1.3503239e+00
   1.2956215e+00
   3.5511956e+00
   3.6486173e+00
   3.2265366e+00
   2.5053073e+00
   1.5564024e+00
   1.4082469e+00
   1.4772420e+00
   1.7110182e+00
   3.8738427e+00
   2.9583632e+00
   2.5405773e+00
   2.8067449e+00
  -2.3508791e-01
   2.3507126e+00
   2.1174599e+00
   1.9906326e+00
   2.9393408e+00
   1.4772978e+00
   4.1579813e+00
   1.0722940e+00
   8.5428313e-02
   1.4202638e+00
   4.4830511e-01
   6.1477306e-01
   2.7304167e+00
   8.2524909e-01
   2.5193597e+00
   2.1989689e+00
   1.3878638e+00
   3.8994753e-01
   5.0151254e+00
   1.9773774e+00
   3.5971733e+00
   1.1634338e+00
   3.5899560e-01
   1.8800665e+00
   2.4488146e+00
   3.3324939e-02
   1.7480617e+00
   2.5434288e+00
   1.3781279e+00
   2.6734482e+00
   2.1605939e+00
   3.3386898e+00
   1.8249599e+00
   9.3883267e-01
   1.7359902e+00
   8.7602445e-01
   2.8855606e+00
   2.4402616e+00
   1.1706377e+00
   2.5295189e+00
   2.3771058e+00
   1.4003498e-01
   1.0619391e-01
   6.0069282e-01
   1.8316252e+00
  -6.0613956e-01
   2.7262800e-01
   2.0922414e+00
   1.2147742e+00
   1.6372663e+00
   2.9334649e+00
   2.5007815e+00
   2.4354227e+00
   2.1054252e+00
  -2.3796585e-01
   2.6868152e+00
   4.2805289e+00
   3.2264071e+00
   2.3387356e+00
   2.0967997e+00
   1.0552979e+00
   2.8693929e-01
   1.0548189e-01
   3.6804398e-01
   2.5533170e+00
   4.3896424e+00
  -1.5947351e+00
   2.4328643e+00
   1.5612502e+00
   7.5205786e-01
   2.3085791e+00
   2.9856520e+00
   1.6802622e+00
   4.4063821e+00
   4.1639160e+00
   3.9971931e+00
   3.1480278e+00
   2.3988419e+00
   3.6085840e+00
   2.0104802e+00
   2.9493597e+00
   3.8156226e+00
   1.6875267e-01
   3.6824099e+00
   8.8267634e-01
   2.7804292e+00
  -6.7540604e-01
   8.8399705e-01
   3.7364764e+00
   1.3208465e+00
   1.2161717e+00
   1.3947548e+00
   1.6949410e+00
   2.7872035e+00
   4.5830339e-01
   2.8615303e+00
   1.8035698e+00
   2.2125127e+00
   1.1293140e+00
   8.8957112e-01
   1.4570809e+00
   1.6171459e+00
